9.64375e-20,3.125,6.25,9.375,12.5,15.625,18.75,21.875,25,28.125,31.25,34.375,37.5,40.625,43.7501,46.8754,50.0019,53.1335,56.2849,59.5054,62.9419,66.9835,72.5378,81.4536,96.9685,123.822,167.461,231.886,316.417,412.819,505.039,573.047,600,
9.18417e-20,2.85929,5.74292,8.66243,11.6212,14.617,17.6449,20.6998,23.778,26.8787,30.0039,33.159,36.3527,39.5982,42.9141,46.3269,49.8762,53.6226,57.6664,62.1806,67.476,74.1113,83.0579,95.8912,114.905,142.951,182.785,235.825,300.687,372.373,443.399,508.219,573.047,
7.93273e-20,2.60693,5.25783,7.97609,10.7694,13.6341,16.5615,19.5417,22.5681,25.6387,28.7573,31.9338,35.1849,38.5351,42.0187,45.684,49.5995,53.8655,58.6331,64.1353,70.7356,78.9974,89.7647,104.225,123.884,150.37,184.976,228.01,278.192,332.633,388,443.399,505.039,
6.21432e-20,2.37287,4.80498,7.33016,9.96061,12.6927,15.5146,18.4133,21.3793,24.4095,27.5091,30.6913,33.979,37.4051,41.0154,44.8724,49.0626,53.7064,58.9743,65.1101,72.4611,81.5136,92.9217,107.506,126.188,149.817,178.883,213.177,251.554,292.061,332.633,372.373,412.819,
4.41523e-20,2.15859,4.38797,6.73043,9.20249,11.8011,14.5129,17.3221,20.2171,23.1941,26.2583,29.4256,32.7224,36.1869,39.8714,43.8457,48.2028,53.0669,58.605,65.0405,72.6688,81.8698,93.1075,106.903,123.761,144.04,167.767,194.448,222.95,251.554,278.192,300.687,316.417,
2.84512e-20,1.96339,4.00605,6.17685,8.49599,10.9614,13.5589,16.2708,19.0841,21.9935,25.0044,28.1334,31.4084,34.8699,38.5721,42.5855,47.001,51.9354,57.5371,63.9937,71.5358,80.4358,90.9941,103.503,118.183,135.082,153.954,174.134,194.449,213.177,228.01,235.825,231.886,
1.66279e-20,1.78537,3.65612,5.66599,7.83813,10.1716,12.6515,15.2594,17.9804,20.8083,23.7477,26.8145,30.0367,33.454,37.1188,41.0979,45.4741,50.3494,55.8472,62.1137,69.3153,77.6307,87.2305,98.2432,110.7,124.46,139.127,153.955,167.769,178.884,184.977,182.785,167.461,
8.81378e-21,1.62224,3.33414,5.19293,7.22399,9.42724,11.7876,14.2857,16.9052,19.6388,22.4895,25.472,28.6123,31.9477,35.5262,39.4074,43.6632,48.3776,53.6471,59.5779,66.2807,73.8582,82.3858,91.8801,102.256,113.27,124.462,135.085,144.043,149.82,150.372,142.952,123.822,
4.23717e-21,1.47172,3.03601,4.75249,6.64811,8.72341,10.9631,13.3469,15.8574,18.4855,21.2327,24.1113,27.1447,30.366,33.8175,37.5503,41.6237,46.1036,51.0612,56.5683,62.69,69.4727,76.9259,84.9963,93.5353,102.259,110.704,118.188,123.766,126.192,123.887,114.906,96.9685,
1.84747e-21,1.33179,2.75802,4.3399,6.10536,8.05526,10.174,12.4405,14.836,17.3498,19.9812,22.74,25.6461,28.7279,32.0213,35.5684,39.4162,43.6141,48.2115,53.2523,58.7673,64.7639,71.2098,78.0137,85.0012,91.8878,98.252,103.512,106.911,107.513,104.229,95.8935,81.4536,
7.30579e-22,1.20076,2.49709,3.95112,5.59132,7.41859,9.41693,11.5642,13.8406,16.2334,18.7398,21.3668,24.1304,27.0541,30.1676,33.5043,37.1002,40.9907,45.2074,49.7731,54.6949,59.9549,65.498,71.2174,76.9382,82.4005,87.2458,91.0086,93.1201,92.9318,89.7717,83.0616,72.5378,
2.62027e-22,1.07728,2.25073,3.58289,5.10242,6.81001,8.68912,10.7167,12.8713,15.1388,17.5139,20.0007,22.6115,25.3653,28.2854,31.3982,34.7299,38.3046,42.1406,46.2458,50.612,55.2071,59.9665,64.7829,69.4959,73.883,77.6551,80.4583,81.8892,81.5289,79.008,74.1167,66.9835,
8.5234e-23,0.960328,2.01702,3.2327,4.63589,6.22695,7.98863,9.89682,11.9289,14.0687,16.3088,18.6506,21.103,23.6804,26.4013,29.2852,32.3512,35.6145,39.084,42.7578,46.6188,50.6291,54.7234,58.8027,62.7287,66.3199,69.3528,71.5697,72.6977,72.4838,70.7512,67.484,62.9419,
2.5146e-23,0.849133,1.79453,2.89866,4.18972,5.66754,7.31412,9.10432,11.0142,13.0258,15.1298,17.3248,19.6167,22.0163,24.5375,27.1949,30.0014,32.9664,36.0921,39.3711,42.7823,46.2872,49.8252,53.3104,56.6286,59.6372,62.1692,64.0434,65.0825,65.143,64.1578,62.1921,59.5054,
6.7284e-24,0.743138,1.58224,2.57943,3.76244,5.13049,6.66477,8.33912,10.1283,12.0128,13.9814,16.0304,18.163,20.3869,22.7124,25.1501,27.7089,30.3935,33.2028,36.1263,39.1425,42.2154,45.292,48.3009,51.151,53.7337,55.9276,57.6085,58.6651,59.0212,58.6653,57.6827,56.2849,
1.63284e-24,0.641953,1.37944,2.27409,3.35308,4.61497,6.04013,7.60139,9.2723,11.032,12.8675,14.7732,16.7499,18.803,20.9398,23.1681,25.4936,27.9188,30.4402,33.0471,35.7189,38.4244,41.1191,43.7455,46.2331,48.5011,50.4632,52.036,53.1514,53.7723,53.9107,53.6456,53.1335,
3.59389e-25,0.545329,1.18565,1.98203,2.96104,4.1205,5.44,6.89144,8.44725,10.0853,11.7912,13.5576,15.3837,17.2725,19.2296,21.2603,23.3689,25.556,27.8176,30.1437,32.5163,34.9091,37.2863,39.603,41.8058,43.8356,45.6322,47.1406,48.3199,49.1539,49.662,49.908,50.0019,
7.17421e-26,0.453128,1.00063,1.70296,2.586,3.64689,4.86442,6.20962,7.65397,9.17428,10.7548,12.387,14.0684,15.8008,17.5879,19.4339,21.3417,23.3115,25.3395,27.4169,29.529,31.6545,33.7654,35.8274,37.8009,39.6437,41.3141,42.7762,44.0057,44.9971,45.7695,46.3704,46.8754,
1.29889e-26,0.365322,0.824343,1.43682,2.22795,3.19418,4.31355,5.55633,6.89313,8.29985,9.75972,11.2632,12.8067,14.3907,16.018,17.6919,19.4147,21.1865,23.0044,24.8611,26.745,28.6398,30.5241,32.3722,34.1555,35.8442,37.4096,38.8286,40.0868,41.1834,42.134,42.9727,43.7501,
2.13284e-27,0.281996,0.656935,1.18383,1.88718,2.76271,3.7878,4.93201,6.16528,7.46275,8.80686,10.1872,11.5995,13.0433,14.5207,16.0345,17.5868,19.1781,20.8062,22.4659,24.1484,25.8416,27.5295,29.1936,30.8135,32.3682,33.8386,35.2095,36.4725,37.6281,38.6883,39.6762,40.625,
3.17638e-28,0.20336,0.49881,0.944545,1.5643,2.35313,3.28778,4.33726,5.47091,6.66336,7.89645,9.15924,10.4467,11.758,13.0947,14.4595,15.8544,17.2804,18.7363,20.2187,21.7214,23.2356,24.75,26.2514,27.7257,29.1583,30.5366,31.8504,33.0947,34.2703,35.3854,36.4549,37.5,
4.29037e-29,0.129791,0.350669,0.719894,1.26039,1.96651,2.81448,3.77285,4.81058,5.90194,7.0284,8.17865,9.34728,10.5331,11.7376,12.9631,14.2121,15.4859,16.7844,18.1056,19.4456,20.7983,22.1561,23.51,24.8501,26.1669,27.4516,28.6979,29.9022,31.065,32.1914,33.2905,34.375,
5.25588e-30,0.0618695,0.213594,0.511318,0.977048,1.60447,2.36933,3.23991,4.18499,5.17868,6.20235,7.24449,8.29954,9.36617,10.4457,11.5405,12.6533,13.7859,14.9392,16.1123,17.303,18.5077,19.7213,20.938,22.1511,23.3545,24.5422,25.7101,26.8556,27.9786,29.0817,30.1699,31.25,
5.83963e-31,0.000437292,0.0891486,0.320888,0.716597,1.26928,1.95434,2.73998,3.59508,4.49386,5.41781,6.35547,7.30129,8.25392,9.21465,10.186,11.1708,12.1714,13.1892,14.2245,15.2766,16.3433,17.4217,18.5081,19.5984,20.6886,21.7748,22.8541,23.9245,24.9854,26.0376,27.0831,28.125,
5.88455e-32,-0.0533432,-0.0205191,0.151428,0.48216,0.963991,1.57217,2.27512,3.04211,3.84785,4.67423,5.51008,6.35003,7.19281,8.03975,8.89348,9.75696,10.6329,11.5232,12.4289,13.3503,14.2865,15.236,16.1968,17.1664,18.1424,19.1222,20.1037,21.0852,22.0658,23.045,24.0229,25,
5.37812e-33,-0.0979416,-0.112598,0.00659912,0.277742,0.692473,1.22615,1.8478,2.52759,3.24111,3.97098,4.70662,5.44296,6.17893,6.91593,7.65662,8.40408,9.16114,9.93011,10.7126,11.5093,12.3205,13.1457,13.9838,14.8335,15.6935,16.562,17.4377,18.3189,19.2044,20.0929,20.9835,21.875,
4.45795e-34,-0.131447,-0.183607,-0.109127,0.108143,0.459252,0.920064,1.46081,2.05312,2.674,3.30725,3.94311,4.57701,5.20811,5.83789,6.46899,7.10446,7.74717,8.39958,9.06353,9.74026,10.4304,11.1342,11.8514,12.5813,13.3232,14.0762,14.8389,15.6102,16.3887,17.1726,17.9604,18.75,
3.35142e-35,-0.151633,-0.22955,-0.190725,-0.0213862,0.26911,0.657743,1.11673,1.61996,2.1465,2.68178,3.21714,3.74869,4.27585,4.80012,5.32403,5.85046,6.38218,6.92159,7.4706,8.03063,8.60262,9.18709,9.78423,10.3939,11.0158,11.6492,12.2934,12.947,13.6089,14.2772,14.9499,15.625,
2.28513e-36,-0.156166,-0.246336,-0.233235,-0.105918,0.12624,0.442212,0.817245,1.22843,1.65764,2.09245,2.52562,2.95398,3.37724,3.79684,4.21507,4.63451,5.05764,5.48665,5.92332,6.36903,6.82479,7.29128,7.76888,8.25771,8.75765,9.26832,9.78909,10.319,10.8568,11.4008,11.9493,12.5,
1.41312e-37,-0.143037,-0.230627,-0.232947,-0.142213,0.0328523,0.274403,0.561982,0.876975,1.20488,1.53588,1.86438,2.18806,2.50682,2.82193,3.1353,3.44907,3.76526,4.08567,4.41181,4.74487,5.08574,5.43507,5.79329,6.1606,6.53702,6.92231,7.31603,7.71743,8.12549,8.53887,8.95598,9.375,
7.92573e-39,-0.111291,-0.181251,-0.189265,-0.130758,-0.012774,0.151462,0.347188,0.561194,0.783335,1.00685,1.22795,1.44514,1.65845,1.86885,2.07772,2.28658,2.49687,2.7099,2.92672,3.14821,3.37504,3.60771,3.84657,4.0918,4.34344,4.6014,4.86536,5.13482,5.40905,5.68712,5.96787,6.25,
4.03168e-40,-0.0620959,-0.101208,-0.107215,-0.0782862,-0.0185047,0.0649942,0.164425,0.27292,0.385262,0.498018,0.609298,0.718381,0.825326,0.930651,1.03509,1.13944,1.24445,1.3508,1.45904,1.56963,1.68293,1.7992,1.91865,2.04137,2.16741,2.29672,2.42914,2.56442,2.70219,2.84195,2.98311,3.125,
1.86004e-41,4.03168e-40,7.92573e-39,1.41312e-37,2.28513e-36,3.35142e-35,4.45795e-34,5.37812e-33,5.88455e-32,5.83963e-31,5.25588e-30,4.29037e-29,3.17638e-28,2.13284e-27,1.29889e-26,7.17421e-26,3.59389e-25,1.63284e-24,6.7284e-24,2.5146e-23,8.5234e-23,2.62027e-22,7.30579e-22,1.84747e-21,4.23717e-21,8.81378e-21,1.66279e-20,2.84512e-20,4.41523e-20,6.21432e-20,7.93273e-20,9.18417e-20,9.64375e-20,
