9.64375e-20,1.6129,3.22581,4.83871,6.45161,8.06452,9.67742,11.2903,12.9032,14.5161,16.129,17.7419,19.3548,20.9677,22.5806,24.1935,25.8065,27.4194,29.0323,30.6452,32.2581,33.871,35.4839,37.0968,38.7097,40.3226,41.9355,43.5484,45.1614,46.7745,48.3879,50.0018,51.617,53.2347,54.8573,56.4897,58.1404,59.8247,61.569,63.4168,65.4383,67.7425,70.4921,73.9223,78.3585,84.2327,92.0923,102.594,116.482,134.531,157.472,185.877,220.036,259.824,304.583,353.052,403.365,453.131,499.603,539.923,571.424,591.925,600,
9.51912e-20,1.42412,2.85045,4.28009,5.71393,7.15262,8.59659,10.046,11.501,12.9614,14.4271,15.8977,17.3731,18.8529,20.3369,21.825,23.317,24.8128,26.3126,27.8165,29.3247,30.8379,32.3564,33.8813,35.4132,36.9536,38.5039,40.0659,41.642,43.2348,44.8479,46.4858,48.1542,49.8608,51.6162,53.4347,55.337,57.3529,59.5251,61.9151,64.6107,67.7356,71.4596,76.0108,81.6861,88.8574,97.9732,109.546,124.13,142.27,164.448,191,222.031,257.332,296.316,337.994,381.003,423.708,464.385,501.509,534.209,563.062,591.926,
9.15482e-20,1.23794,2.47986,3.72812,4.98457,6.25057,7.52697,8.81421,10.1124,11.4213,12.7406,14.0698,15.4084,16.7558,18.1115,19.4753,20.8468,22.226,23.613,25.0082,26.4121,27.8256,29.2499,30.6865,32.1373,33.6047,35.0917,36.6019,38.1395,39.71,41.3199,42.9776,44.6933,46.4803,48.3556,50.3417,52.4682,54.7751,57.3157,60.1623,63.411,67.189,71.6618,77.0398,83.5838,91.6064,101.468,113.562,128.294,146.046,167.127,191.721,219.831,251.23,285.426,321.673,359.01,396.371,432.769,467.56,500.868,534.208,571.425,
8.57837e-20,1.05586,2.11717,3.18756,4.26984,5.36606,6.47754,7.60497,8.7485,9.90788,11.0826,12.272,13.4752,14.6914,15.9201,17.1607,18.4127,19.6761,20.9511,22.2381,23.5381,24.8523,26.1823,27.5306,28.8998,30.2934,31.7157,33.172,34.6685,36.2128,37.8144,39.4847,41.2379,43.0916,45.0683,47.1961,49.511,52.0595,54.9012,58.1127,61.7918,66.0622,71.0779,77.0265,84.1313,92.6497,102.866,115.079,129.583,146.638,166.438,189.073,214.49,242.472,272.625,304.393,337.112,370.109,402.852,435.171,467.551,501.502,539.925,
7.83181e-20,0.87912,1.76498,2.66235,3.57495,4.50553,5.45587,6.42691,7.41891,8.43158,9.46428,10.5161,11.586,12.6731,13.7764,14.8952,16.0291,17.1779,18.3419,19.5217,20.7184,21.9336,23.1695,24.4292,25.7161,27.0347,28.3905,29.7902,31.2417,32.7546,34.3407,36.0141,37.792,39.6956,41.7509,43.99,46.453,49.1897,52.2622,55.7474,59.7402,64.356,69.7336,76.0364,83.4516,92.1872,102.465,114.509,128.528,144.697,163.129,183.854,206.794,231.752,258.409,286.351,315.112,344.256,373.492,402.827,432.74,464.367,499.605,
6.9666e-20,0.708729,1.42532,2.15555,2.904,3.67406,4.46797,5.28694,6.13133,7.00086,7.89477,8.812,9.75134,10.7116,11.6917,12.6908,13.7084,14.7442,15.7984,16.872,17.9662,19.083,20.225,21.3957,22.5994,23.8415,25.1285,26.4682,27.8701,29.3453,30.9075,32.5728,34.3607,36.2948,38.4036,40.7216,43.2907,46.1617,49.3964,53.0691,57.2687,62.1,67.6853,74.1637,81.6899,90.4293,100.553,112.224,125.591,140.763,157.8,176.694,197.352,219.595,243.163,267.731,292.951,318.51,344.205,370.04,396.311,423.674,453.133,
6.03785e-20,0.545412,1.09966,1.6694,2.26,2.87543,3.51836,4.19028,4.89166,5.62225,6.3812,7.16732,7.97925,8.81561,9.67515,10.5569,11.4602,12.3847,13.3309,14.2996,15.2922,16.3112,17.3594,18.4409,19.5605,20.7244,21.9399,23.2159,24.5628,25.9933,27.5222,29.1672,30.9494,32.8938,35.0303,37.3942,40.0278,42.9814,46.3142,50.096,54.408,59.3435,65.008,71.5183,78.9997,87.5826,97.3956,108.557,121.166,135.287,150.942,168.094,186.646,206.431,227.221,248.746,270.717,292.863,314.981,336.976,358.901,380.944,403.367,
5.09853e-20,0.389657,0.788981,1.20541,1.64498,2.11221,2.61015,3.14055,3.70405,4.30038,4.92867,5.58761,6.2757,6.9914,7.73333,8.50037,9.29175,10.1072,10.9471,11.8124,12.7046,13.6264,14.5811,15.573,16.6076,17.6914,18.8327,20.0408,21.3273,22.7055,24.1914,25.8037,27.5641,29.4985,31.6371,34.0153,36.6743,39.6625,43.0354,46.8572,51.2006,56.1472,61.7867,68.2156,75.5342,83.8432,93.2377,103.8,115.593,128.648,142.958,158.47,175.077,192.62,210.892,229.644,248.608,267.513,286.106,304.166,321.5,337.902,353.054,
4.19479e-20,0.241727,0.493833,0.764424,1.06011,1.38591,1.74521,2.14002,2.5711,3.03823,3.54051,4.07653,4.64468,5.2433,5.87087,6.52613,7.20827,7.91699,8.65258,9.41607,10.2092,11.0348,11.8962,12.7983,13.7467,14.7487,15.8128,16.949,18.1694,19.488,20.9213,22.4883,24.2114,26.1163,28.2329,30.5958,33.2444,36.2241,39.5864,43.389,47.6961,52.5781,58.1101,64.3708,71.4394,79.392,88.2971,98.2091,109.163,121.164,134.187,148.162,162.979,178.48,194.464,210.692,226.893,242.772,258.015,272.28,285.172,296.182,304.584,
3.36262e-20,0.101709,0.2144,0.346745,0.505859,0.69716,0.924384,1.18974,1.4941,1.83733,2.21848,2.6361,3.08847,3.57381,4.09048,4.63713,5.21286,5.81731,6.45079,7.11433,7.80979,8.53997,9.30863,10.1207,10.9822,11.9005,12.8846,13.9449,15.0938,16.3455,17.7168,19.2269,20.8979,22.7552,24.8278,27.1486,29.7551,32.6891,35.9973,39.7313,43.9471,48.7044,54.0657,60.0941,66.8511,74.3929,82.7665,92.0049,102.121,113.104,124.91,137.461,150.64,164.289,178.208,192.158,205.857,218.985,231.173,241.983,250.876,257.147,259.826,
2.62631e-20,-0.0304514,-0.0494171,-0.0477479,-0.0179015,0.0458942,0.147654,0.289777,0.473274,0.698033,0.963108,1.267,1.60789,1.98391,2.39332,2.83468,3.307,3.80986,4.34353,4.90906,5.50836,6.14427,6.82071,7.54269,8.31644,9.14956,10.0511,11.0318,12.104,13.2821,14.5828,16.0252,17.6307,19.424,21.4329,23.6885,26.2253,29.0819,32.3003,35.9259,40.0068,44.5936,49.7374,55.4883,61.893,68.9918,76.8148,85.3782,94.6794,104.692,115.364,126.607,138.301,150.286,162.363,174.288,185.773,196.478,205.994,213.828,219.36,221.786,220.038,
1.99856e-20,-0.154922,-0.297939,-0.419507,-0.511724,-0.56852,-0.585641,-0.560518,-0.492038,-0.380264,-0.226147,-0.0312338,0.202598,0.473387,0.779295,1.11879,1.4908,1.89486,2.33117,2.80078,3.30557,3.84846,4.43338,5.06539,5.75086,6.4974,7.31414,8.21177,9.20272,10.3012,11.5237,12.8885,14.4167,16.1319,18.0601,20.2304,22.6749,25.4283,28.5279,32.0137,35.9268,40.3095,45.2032,50.6471,56.6759,63.3171,70.5878,78.4914,87.0136,96.1183,105.744,115.8,126.162,136.672,147.129,157.292,166.869,175.511,182.798,188.213,191.114,190.687,185.878,
1.48181e-20,-0.271947,-0.531646,-0.769223,-0.976487,-1.14711,-1.27665,-1.36239,-1.40312,-1.39887,-1.35058,-1.25986,-1.12863,-0.958936,-0.752705,-0.511554,-0.236637,0.0714938,0.413004,0.788871,1.20098,1.6522,2.14647,2.68887,3.2857,3.94461,4.67466,5.48641,6.39209,7.4057,8.5431,9.82219,11.263,12.8878,14.7212,16.79,19.1236,21.7531,24.7119,28.0344,31.7558,35.9112,40.5339,45.6541,51.297,57.4799,64.2102,71.4816,79.2715,87.5371,96.2122,105.204,114.388,123.607,132.668,141.331,149.312,156.267,161.782,165.355,166.368,164.057,157.472,
1.07045e-20,-0.381825,-0.751122,-1.09776,-1.41329,-1.6912,-1.92686,-2.11746,-2.2617,-2.35959,-2.41207,-2.42076,-2.38768,-2.31492,-2.2045,-2.05813,-1.87704,-1.66186,-1.41251,-1.12807,-0.806725,-0.445646,-0.0409592,0.412356,0.920537,1.49111,2.13299,2.85654,3.67368,4.598,5.6448,6.8312,8.17625,9.70087,11.428,13.3824,15.5906,18.0808,20.8823,24.0249,27.5386,31.4525,35.793,40.5833,45.8407,51.5753,57.7869,64.4626,71.5741,79.0747,86.8964,94.9457,103.102,111.214,119.094,126.515,133.205,138.839,143.028,145.307,145.119,141.794,134.532,
7.53431e-21,-0.484886,-0.957021,-1.40606,-1.82336,-2.20225,-2.53798,-2.82761,-3.06982,-3.26458,-3.41284,-3.51626,-3.57689,-3.59692,-3.57845,-3.52325,-3.43267,-3.30742,-3.1475,-2.95208,-2.71943,-2.44681,-2.13044,-1.76541,-1.34561,-0.863698,-0.310971,0.32265,1.04871,1.88029,2.83205,3.9203,5.16298,6.57975,8.19183,10.022,12.0944,14.4341,17.067,20.0191,23.3158,26.981,31.0361,35.4982,40.3792,45.6832,51.405,57.5273,64.0187,70.8308,77.8958,85.1232,92.3976,99.5749,106.48,112.9,118.586,123.238,126.507,127.982,127.185,123.562,116.483,
5.16681e-21,-0.581474,-1.15002,-1.69513,-2.20801,-2.68185,-3.11181,-3.49488,-3.82969,-4.11619,-4.35535,-4.54888,-4.69886,-4.80758,-4.87719,-4.90958,-4.90615,-4.86775,-4.79446,-4.68555,-4.5394,-4.35338,-4.12386,-3.84606,-3.51406,-3.12073,-2.65764,-2.11505,-1.48186,-0.745535,0.107907,1.09391,2.22937,3.53263,5.02335,6.72242,8.65169,10.8337,13.2914,16.0473,19.1232,22.5388,26.3112,30.4533,34.9727,39.8696,45.1353,50.7501,56.6815,62.8815,69.2843,75.8043,82.3335,88.7384,94.8577,100.5,105.438,109.409,112.108,113.188,112.256,108.88,102.595,
3.45226e-21,-0.671935,-1.33081,-1.96598,-2.56855,-3.1316,-3.65021,-4.12134,-4.54357,-4.91685,-5.24219,-5.52131,-5.75637,-5.9497,-6.10357,-6.21993,-6.30031,-6.34562,-6.35609,-6.33108,-6.26911,-6.16769,-6.02333,-5.83145,-5.58633,-5.28108,-4.90761,-4.45655,-3.91726,-3.27778,-2.52483,-1.64381,-0.61885,0.567151,1.9324,3.49608,5.27805,7.29864,9.57814,12.1364,14.9919,18.1616,21.659,25.4939,29.6709,34.1877,39.0339,44.1887,49.6201,55.2821,61.1127,67.0327,72.943,78.7227,84.2271,89.2857,93.7003,97.2441,99.6609,100.667,99.954,97.2017,92.0925,
2.24744e-21,-0.756608,-1.50006,-2.2196,-2.90626,-3.55306,-4.15501,-4.70903,-5.2137,-5.66898,-6.0759,-6.43621,-6.75216,-7.02612,-7.26045,-7.45721,-7.61801,-7.7439,-7.83517,-7.89138,-7.91114,-7.89213,-7.83104,-7.72349,-7.56399,-7.34595,-7.06159,-6.70194,-6.25685,-5.71493,-5.06358,-4.28905,-3.37641,-2.3097,-1.07204,0.354225,1.98726,3.84544,5.94696,8.30934,10.9488,13.8797,17.1132,20.657,24.5138,28.6798,33.144,37.8862,42.8759,48.0702,53.4125,58.8308,64.2363,69.5216,74.5594,79.2018,83.2791,86.6013,88.9587,90.127,89.8745,87.9758,84.2329,
1.42552e-21,-0.835814,-1.6584,-2.45693,-3.22239,-3.94773,-4.62795,-5.25995,-5.84228,-6.37495,-6.85899,-7.29623,-7.68895,-8.03962,-8.35067,-8.62426,-8.86211,-9.06536,-9.23447,-9.3691,-9.46803,-9.52909,-9.54917,-9.52411,-9.44867,-9.31654,-9.12029,-8.85137,-8.50009,-8.05562,-7.50605,-6.83836,-6.03854,-5.09165,-3.98197,-2.69319,-1.20859,0.488593,2.41485,4.58589,7.01615,9.71808,12.7014,15.9724,19.5325,23.3779,27.4977,31.8732,36.4763,41.2684,46.1988,51.2037,56.205,61.1091,65.8063,70.1709,74.0606,77.3197,79.7809,81.272,81.6248,80.6901,78.3586,
8.80969e-22,-0.909855,-1.80643,-2.67887,-3.5181,-4.31705,-5.0707,-5.77595,-6.43136,-7.03697,-7.59383,-8.10383,-8.56934,-8.99286,-9.37694,-9.72382,-10.0353,-10.3128,-10.5567,-10.7668,-10.9422,-11.0809,-11.1798,-11.2351,-11.2419,-11.194,-11.0844,-10.905,-10.6465,-10.2987,-9.85015,-9.28866,-8.60099,-7.77312,-6.79036,-5.63749,-4.29904,-2.75954,-1.00385,0.982391,3.21227,5.69703,8.44541,11.4629,14.7508,18.3054,22.1172,26.1695,30.4373,34.8868,39.4738,44.1429,48.8268,53.4454,57.906,62.1035,65.9211,69.2332,71.9091,73.8197,74.8467,74.8972,73.9224,
5.30457e-22,-0.979008,-1.94471,-2.88622,-3.79445,-4.66232,-5.48479,-6.25878,-6.98288,-7.65712,-8.28264,-8.86138,-9.39574,-9.88835,-10.3418,-10.7585,-11.1403,-11.4886,-11.8042,-12.087,-12.3361,-12.5496,-12.7249,-12.8583,-12.9451,-12.9794,-12.9547,-12.8631,-12.6958,-12.443,-12.094,-11.6372,-11.06,-10.3493,-9.49111,-8.47128,-7.27527,-5.88865,-4.2973,-2.48786,-0.448147,1.83235,4.36185,7.14567,10.1855,13.4785,17.0167,20.786,24.7653,28.9257,33.2294,37.6296,42.0693,46.4814,50.7888,54.9049,58.7352,62.1801,65.1387,67.5155,69.2293,70.2255,70.4922,
3.11202e-22,-1.04353,-2.07374,-3.07973,-4.05243,-4.98473,-5.87162,-6.71002,-7.49857,-8.23733,-8.92748,-9.57102,-10.1704,-10.7284,-11.2476,-11.7306,-12.1793,-12.5953,-12.9794,-13.3318,-13.6516,-13.9373,-14.1864,-14.3953,-14.5596,-14.6739,-14.7317,-14.7257,-14.6475,-14.4877,-14.2361,-13.8816,-13.4124,-12.816,-12.0791,-11.1883,-10.13,-8.89028,-7.45597,-5.81432,-3.9537,-1.86396,0.46306,3.03292,5.848,8.90686,12.2035,15.7268,19.4593,23.3774,27.4499,31.6377,35.8938,40.1629,44.3818,48.4802,52.3824,56.0099,59.2855,62.1386,64.5134,66.3792,67.7425,
1.77883e-22,-1.10364,-2.19397,-3.26009,-4.29291,-5.28537,-6.23246,-7.13114,-7.98005,-8.77932,-9.53019,-10.2347,-10.8954,-11.5151,-12.0966,-12.6423,-13.1546,-13.635,-14.0845,-14.5033,-14.8909,-15.2458,-15.5657,-15.8474,-16.0865,-16.2782,-16.416,-16.493,-16.5013,-16.4319,-16.2749,-16.0199,-15.6555,-15.1697,-14.55,-13.7836,-12.8572,-11.7577,-10.4724,-8.98893,-7.29589,-5.38319,-3.24247,-0.867551,1.74499,4.59531,7.67966,10.9898,14.5126,18.229,22.1142,26.1366,30.2581,34.4339,38.6129,42.7386,46.7508,50.5876,54.1895,57.5036,60.4902,63.131,65.4384,
9.90675e-23,-1.15956,-2.30581,-3.42788,-4.51669,-5.56521,-6.56845,-7.52338,-8.42873,-9.28464,-10.0924,-10.8542,-11.5725,-12.2503,-12.8905,-13.4956,-14.0681,-14.6095,-15.1211,-15.6032,-16.0554,-16.4765,-16.8644,-17.2158,-17.5271,-17.7931,-18.0081,-18.1653,-18.2571,-18.2749,-18.2094,-18.0504,-17.787,-17.4077,-16.9005,-16.2529,-15.4522,-14.4858,-13.341,-12.0057,-10.4687,-8.71955,-6.74943,-4.55138,-2.12071,0.54447,3.4428,6.56913,9.91404,13.4634,17.198,21.0932,25.1187,29.2389,33.4129,37.5958,41.7395,45.7949,49.7152,53.4589,56.9957,60.3118,63.4169,
5.37562e-23,-1.21144,-2.4096,-3.58362,-4.72446,-5.82508,-6.88056,-7.88791,-8.84587,-9.75466,-10.6156,-11.431,-12.2033,-12.9357,-13.6311,-14.2922,-14.9214,-15.5206,-16.091,-16.6332,-17.1469,-17.631,-18.0836,-18.5018,-18.8819,-19.2193,-19.5083,-19.7424,-19.9145,-20.0162,-20.0384,-19.9716,-19.805,-19.5276,-19.1277,-18.5931,-17.9116,-17.0705,-16.0576,-14.8607,-13.4682,-11.8695,-10.0552,-8.01712,-5.74935,-3.24816,-0.512511,2.45541,5.64985,9.06111,12.6752,16.4734,20.4326,24.5248,28.7178,32.9756,37.2598,41.5307,45.75,49.8834,53.9044,57.7988,61.569,
2.84203e-23,-1.25946,-2.50567,-3.72778,-4.9168,-6.06573,-7.16968,-8.22568,-9.23254,-10.1906,-11.1011,-11.9664,-12.7893,-13.5727,-14.3199,-15.0335,-15.7161,-16.3697,-16.9956,-17.5946,-18.1665,-18.7104,-19.2245,-19.7062,-20.1519,-20.5573,-20.9169,-21.2246,-21.4733,-21.6551,-21.7613,-21.7823,-21.708,-21.5275,-21.2294,-20.8019,-20.2326,-19.5093,-18.6196,-17.5512,-16.2922,-14.8316,-13.1591,-11.2655,-9.14349,-6.78746,-4.19408,-1.36271,1.70432,5.0013,8.51889,12.2438,16.1587,20.2422,24.469,28.8104,33.235,37.7098,42.2021,46.6812,51.1215,55.505,59.8248,
1.46396e-23,-1.30374,-2.59425,-3.86075,-5.09424,-6.28779,-7.43652,-8.53754,-9.58969,-10.5933,-11.5498,-12.4616,-13.3315,-14.1626,-14.958,-15.7207,-16.4533,-17.1579,-17.8361,-18.4885,-19.1152,-19.7155,-20.2878,-20.8296,-21.3376,-21.8075,-22.2342,-22.6118,-22.9334,-23.1914,-23.3773,-23.4818,-23.4949,-23.4061,-23.2042,-22.8774,-22.4135,-21.8004,-21.0253,-20.076,-18.9401,-17.6059,-16.0622,-14.2991,-12.3074,-10.08,-7.61126,-4.8979,-1.93917,1.26285,4.70289,8.37226,12.2586,16.346,20.6145,25.0411,29.5996,34.2616,38.9974,43.7781,48.5764,53.3694,58.1404,
7.34741e-24,-1.34439,-2.67558,-3.98283,-5.2572,-6.49175,-7.6817,-8.82417,-9.91808,-10.9638,-11.9628,-12.9176,-13.831,-14.7062,-15.5465,-16.3549,-17.1342,-17.8864,-18.6133,-19.3157,-19.9939,-20.6473,-21.2743,-21.8727,-22.4393,-22.9702,-23.4603,-23.904,-24.2945,-24.6245,-24.8857,-25.0691,-25.1648,-25.1624,-25.0508,-24.8185,-24.4533,-23.9427,-23.2741,-22.4348,-21.412,-20.1934,-18.7669,-17.1215,-15.2467,-13.1335,-10.7743,-8.16348,-5.29743,-2.17507,1.20189,4.82865,8.69705,12.7954,17.1083,21.6167,26.2983,31.1276,36.0767,41.1164,46.217,51.35,56.4897,
3.59286e-24,-1.38149,-2.74984,-4.09431,-5.40601,-6.67807,-7.90572,-9.08615,-10.2183,-11.3026,-12.3407,-13.335,-14.2885,-15.2045,-16.0863,-16.937,-17.7594,-18.5558,-19.328,-20.0771,-20.8033,-21.5061,-22.1843,-22.8358,-23.4574,-24.0455,-24.5952,-25.101,-25.5564,-25.9541,-26.2861,-26.5436,-26.7168,-26.7954,-26.7685,-26.6245,-26.3511,-25.9358,-25.3658,-24.628,-23.7091,-22.5962,-21.2763,-19.7373,-17.9674,-15.9561,-13.6939,-11.1728,-8.38695,-5.3324,-2.00782,1.58524,5.44205,9.55439,13.9102,18.4938,23.2851,28.2605,33.3928,38.6518,44.0047,49.4179,54.8574,
1.71178e-24,-1.41513,-2.81715,-4.19538,-5.54096,-6.84706,-8.10896,-9.32392,-10.4909,-11.6104,-12.6842,-13.7146,-14.7048,-15.658,-16.5778,-17.4674,-18.3295,-19.1667,-19.9808,-20.773,-21.5436,-22.2924,-23.0182,-23.719,-24.392,-25.0334,-25.6388,-26.2026,-26.7186,-27.1798,-27.5781,-27.9048,-28.1504,-28.3047,-28.3567,-28.2948,-28.1067,-27.7799,-27.301,-26.6566,-25.8332,-24.8169,-23.5942,-22.1516,-20.4764,-18.5564,-16.3806,-13.939,-11.2235,-8.22788,-4.94813,-1.38314,2.46518,6.59134,10.9859,15.6354,20.5215,25.6216,30.9083,36.3501,41.9112,47.553,53.2347,
7.94617e-25,-1.44535,-2.87762,-4.28619,-5.66223,-6.99897,-8.29172,-9.53778,-10.7362,-11.8875,-12.9934,-14.0566,-15.08,-16.0672,-17.0216,-17.9466,-18.845,-19.7195,-20.572,-21.4037,-22.2152,-23.0064,-23.7761,-24.5225,-25.2429,-25.9338,-26.5908,-27.2085,-27.7809,-28.301,-28.761,-29.1521,-29.4651,-29.6897,-29.815,-29.8293,-29.7203,-29.4751,-29.0803,-28.5221,-27.7862,-26.8585,-25.7244,-24.3696,-22.7802,-20.9428,-18.8447,-16.4745,-13.8219,-10.8787,-7.63891,-4.09899,-0.258685,3.8787,8.30573,13.0104,17.9757,23.1794,28.5936,34.185,39.9153,45.7415,51.617,
3.59393e-25,-1.47217,-2.93132,-4.36684,-5.76995,-7.13394,-8.45415,-9.72792,-10.9544,-12.1341,-13.2689,-14.3613,-15.4146,-16.4323,-17.4179,-18.3748,-19.306,-20.2143,-21.1016,-21.9693,-22.8181,-23.6479,-24.4577,-25.246,-26.01,-26.7464,-27.4509,-28.1184,-28.7428,-29.3173,-29.8343,-30.2851,-30.6604,-30.95,-31.143,-31.2278,-31.1918,-31.0219,-30.7046,-30.2256,-29.5704,-28.7238,-27.6709,-26.3964,-24.8854,-23.1233,-21.0961,-18.7907,-16.1956,-13.3006,-10.0979,-6.58224,-2.75147,1.39277,5.84452,10.5929,15.6216,20.9084,26.4249,32.1361,38.0011,43.9734,50.0019,
1.58374e-25,-1.49563,-2.97827,-4.43736,-5.86419,-7.25204,-8.59633,-9.89446,-11.1456,-12.3503,-13.5105,-14.6288,-15.7086,-16.7533,-17.7666,-18.752,-19.7125,-20.651,-21.5696,-22.4696,-23.352,-24.2167,-25.063,-25.8891,-26.6928,-27.4707,-28.2186,-28.9315,-29.6036,-30.228,-30.7973,-31.3029,-31.7356,-32.0851,-32.3406,-32.4902,-32.5214,-32.421,-32.175,-31.769,-31.1877,-30.4159,-29.4376,-28.237,-26.798,-25.1052,-23.1434,-20.8983,-18.3568,-15.5075,-12.3409,-8.85027,-5.0321,-0.886703,3.58108,8.36119,13.4377,18.7882,24.3835,30.1874,36.1567,42.2418,48.3879,
6.79986e-26,-1.51571,-3.01846,-4.49776,-5.94491,-7.35325,-8.71825,-10.0373,-11.3097,-12.536,-13.7182,-14.859,-15.9618,-17.0301,-18.0676,-19.0779,-20.0643,-21.0294,-21.9756,-22.9043,-23.8166,-24.7124,-25.5912,-26.4514,-27.2907,-28.1059,-28.893,-29.6472,-30.3625,-31.0324,-31.6494,-32.205,-32.6901,-33.0945,-33.4071,-33.6162,-33.7092,-33.6726,-33.4923,-33.1533,-32.6404,-31.9374,-31.0281,-29.8957,-28.5237,-26.8955,-24.9949,-22.8066,-20.3164,-17.5116,-14.3814,-10.9181,-7.11677,-2.97685,1.49768,6.2973,11.4063,16.8021,22.4547,28.3266,34.3728,40.5414,46.7746,
2.84458e-26,-1.53239,-3.05187,-4.54797,-6.01204,-7.43747,-8.81975,-10.1564,-11.4466,-12.6911,-13.8919,-15.0517,-16.174,-17.2623,-18.3206,-19.3523,-20.3608,-21.349,-22.3191,-23.2728,-24.2112,-25.1343,-26.0417,-26.932,-27.8029,-28.6514,-29.4735,-30.2645,-31.0187,-31.7295,-32.3896,-32.9905,-33.5232,-33.9773,-34.3421,-34.6056,-34.7551,-34.777,-34.657,-34.3799,-33.9299,-33.2907,-32.4453,-31.3767,-30.0673,-28.4998,-26.6574,-24.5238,-22.0837,-19.3234,-16.2313,-12.7984,-9.01914,-4.89201,-0.420421,4.3865,9.51312,14.9366,20.6264,26.5438,32.6424,38.8683,45.1615,
1.15941e-26,-1.54563,-3.0784,-4.58786,-6.06542,-7.5045,-8.90064,-10.2514,-11.5559,-12.8152,-14.031,-15.2064,-16.3447,-17.4496,-18.525,-19.5745,-20.6016,-21.6091,-22.5994,-23.5744,-24.535,-25.4816,-26.4136,-27.3299,-28.2283,-29.1059,-29.9588,-30.7823,-31.5709,-32.3181,-33.0167,-33.6582,-34.2336,-34.7328,-35.1449,-35.4578,-35.6588,-35.7342,-35.6695,-35.4494,-35.0577,-34.4777,-33.692,-32.683,-31.4328,-29.9234,-28.1371,-26.0568,-23.6666,-20.9519,-17.9003,-14.5019,-10.7506,-6.64404,-2.18532,2.61677,7.74663,13.1812,18.8893,24.8315,30.9601,37.2197,43.5485,
4.60427e-27,-1.55539,-3.09795,-4.61729,-6.10483,-7.55406,-8.96055,-10.3218,-11.6373,-12.9077,-14.1352,-15.3225,-16.4732,-17.5911,-18.6801,-19.7438,-20.7857,-21.8088,-22.8157,-23.808,-24.787,-25.7531,-26.7058,-27.644,-28.5658,-29.4682,-30.3475,-31.1992,-32.0179,-32.797,-33.5294,-34.2069,-34.8204,-35.3599,-35.8144,-36.1719,-36.4197,-36.5439,-36.5299,-36.3622,-36.0245,-35.4996,-34.77,-33.8175,-32.6237,-31.1701,-29.4386,-27.4113,-25.0716,-22.4044,-19.3964,-16.0374,-12.3203,-8.24254,-3.80676,0.978474,6.09757,11.5273,17.236,23.1837,29.3216,35.5932,41.9355,
1.7815e-27,-1.56157,-3.11035,-4.636,-6.12997,-7.58579,-8.99905,-10.3674,-11.6901,-12.9682,-14.2036,-15.3993,-16.5589,-17.6861,-18.7849,-19.8591,-20.9121,-21.9471,-22.9666,-23.9724,-24.9659,-25.9474,-26.9168,-27.8729,-28.8138,-29.7368,-30.6383,-31.5138,-32.3579,-33.1644,-33.9261,-34.635,-35.282,-35.8571,-36.3493,-36.7469,-37.0368,-37.2054,-37.2378,-37.1184,-36.8307,-36.3574,-35.6806,-34.7818,-33.6423,-32.2432,-30.5657,-28.5917,-26.3039,-23.6866,-20.7262,-17.4116,-13.7356,-9.69515,-5.29246,-0.535986,4.55873,9.96829,15.6608,21.5957,27.7237,33.9873,40.3226,
6.71601e-28,-1.56409,-3.11543,-4.64371,-6.14045,-7.59918,-9.01558,-10.3873,-11.7137,-12.9957,-14.2354,-15.4358,-16.6005,-17.7333,-18.8383,-19.9192,-20.9795,-22.0225,-23.0507,-24.0662,-25.0701,-26.0631,-27.045,-28.0147,-28.9706,-29.9099,-30.8292,-31.724,-32.5892,-33.4185,-34.205,-34.9406,-35.6165,-36.2226,-36.7481,-37.1811,-37.5089,-37.7175,-37.7922,-37.7172,-37.476,-37.051,-36.4243,-35.5771,-34.4902,-33.1447,-31.5212,-29.6012,-27.3672,-24.8029,-21.8943,-18.63,-15.0022,-11.0076,-6.64828,-1.93239,3.12459,8.4992,14.1594,20.0642,26.1639,32.4006,38.7097,
2.46683e-28,-1.56282,-3.11293,-4.64009,-6.13581,-7.59371,-9.00947,-10.3808,-11.707,-12.9893,-14.2296,-15.4309,-16.597,-17.7316,-18.8389,-19.9226,-20.9864,-22.0335,-23.0666,-24.0876,-25.0979,-26.0983,-27.0885,-28.0677,-29.0342,-29.9855,-30.9181,-31.8278,-32.7096,-33.5572,-34.3639,-35.1217,-35.8218,-36.4544,-37.0087,-37.4729,-37.8341,-38.0787,-38.1917,-38.1576,-37.9596,-37.5801,-37.001,-36.2034,-35.1681,-33.8755,-32.3064,-30.4419,-28.264,-25.7562,-22.9042,-19.6961,-16.124,-12.1842,-7.87852,-3.21495,1.79114,7.11632,12.7285,18.5866,24.6405,30.8323,37.0968,
8.82815e-29,-1.55763,-3.1026,-4.62469,-6.1155,-7.56866,-8.97989,-10.3469,-11.6692,-12.9478,-14.1848,-15.3833,-16.5468,-17.6794,-18.7851,-19.8678,-20.9312,-21.9784,-23.0122,-24.0347,-25.0473,-26.0509,-27.0452,-28.0296,-29.0024,-29.9612,-30.9028,-31.8229,-32.7166,-33.5781,-34.4004,-35.1758,-35.8956,-36.5502,-37.1288,-37.6197,-38.0103,-38.2869,-38.4346,-38.4379,-38.28,-37.9434,-37.4098,-36.6603,-35.6756,-34.436,-32.9221,-31.1146,-28.9956,-26.5482,-23.7578,-20.6124,-17.1036,-13.2276,-8.98596,-4.38646,0.555694,5.81721,11.366,17.1611,23.1524,29.2817,35.4839,
3.07824e-29,-1.54835,-3.08409,-4.59705,-6.07888,-7.52325,-8.92593,-10.2847,-11.599,-12.87,-14.0997,-15.2913,-16.4484,-17.575,-18.6751,-19.7528,-20.8116,-21.8549,-22.8855,-23.9053,-24.9161,-25.9186,-26.9127,-27.898,-28.8727,-29.8346,-30.7806,-31.7066,-32.6077,-33.4783,-34.3116,-35.1001,-35.8351,-36.5071,-37.1057,-37.6191,-38.035,-38.3397,-38.5185,-38.5559,-38.4352,-38.139,-37.6491,-36.9464,-36.0117,-34.8252,-33.3675,-31.6192,-29.5621,-27.1793,-24.4559,-21.3797,-17.9422,-14.1392,-9.97212,-5.44849,-0.583284,4.60041,10.0708,15.7868,21.6988,27.7485,33.871,
1.04577e-29,-1.53479,-3.05702,-4.5566,-6.02521,-7.45657,-8.84652,-10.1928,-11.4951,-12.7543,-13.9727,-15.1533,-16.2999,-17.4164,-18.507,-19.5755,-20.6257,-21.661,-22.684,-23.6971,-24.7017,-25.6988,-26.6885,-27.6701,-28.6423,-29.6028,-30.5486,-31.4759,-32.3799,-33.255,-34.0947,-34.8915,-35.6371,-36.3222,-36.9363,-37.4681,-37.9051,-38.2341,-38.4405,-38.5087,-38.4226,-38.1645,-37.7164,-37.0595,-36.1744,-35.0415,-33.6413,-31.9544,-29.9626,-27.6488,-24.998,-21.9979,-18.6397,-14.9192,-10.8373,-6.40147,-1.62629,3.46543,8.84217,14.4633,20.2794,26.2325,32.2581,
3.46157e-30,-1.51673,-3.02098,-4.5027,-5.95365,-7.36762,-8.74045,-10.07,-11.3558,-12.599,-13.8018,-14.9673,-16.0992,-17.2015,-18.2783,-19.3335,-20.371,-21.394,-22.4054,-23.4073,-24.4015,-25.3889,-26.3696,-27.3431,-28.3083,-29.2628,-30.2039,-31.1278,-32.0299,-32.9048,-33.7462,-34.5468,-35.2985,-35.992,-36.6173,-37.1631,-37.6174,-37.9668,-38.1972,-38.2934,-38.2389,-38.0167,-37.609,-36.9968,-36.1611,-35.0823,-33.7411,-32.1181,-30.195,-27.9549,-25.3825,-22.4656,-19.1951,-15.5666,-11.5808,-7.24482,-2.57289,2.41257,7.68047,13.1907,18.8942,24.7337,30.6452,
1.11638e-30,-1.49395,-2.97549,-4.43466,-5.86329,-7.25522,-8.60637,-9.91463,-11.1796,-12.4024,-13.5852,-14.7313,-15.8442,-16.9279,-17.9867,-19.0244,-20.0448,-21.0513,-22.0466,-23.0332,-24.0125,-24.9857,-25.953,-26.914,-27.8675,-28.8114,-29.743,-30.6588,-31.5544,-32.4244,-33.2628,-34.0625,-34.8155,-35.513,-36.145,-36.7007,-37.168,-37.5341,-37.7851,-37.9059,-37.8806,-37.6923,-37.3232,-36.7549,-35.9684,-34.9445,-33.6638,-32.1073,-30.2567,-28.095,-25.6071,-22.7806,-19.6063,-16.0797,-12.201,-7.97711,-3.42186,1.44285,6.5865,11.9696,17.5437,23.2524,29.0323,
3.50793e-31,-1.46616,-2.92002,-4.35169,-5.75308,-7.11813,-8.44282,-9.72506,-10.9645,-12.1623,-13.3207,-14.4428,-15.5323,-16.5931,-17.6295,-18.6453,-19.6444,-20.6299,-21.6049,-22.5716,-23.5317,-24.4863,-25.4356,-26.3794,-27.3166,-28.2452,-29.1627,-30.0657,-30.9498,-31.8102,-32.6408,-33.4348,-34.1845,-34.8813,-35.5156,-36.0767,-36.5531,-36.9321,-37.2002,-37.3426,-37.3437,-37.1869,-36.855,-36.3298,-35.5925,-34.6242,-33.4057,-31.9184,-30.144,-28.0657,-25.6684,-22.9397,-19.8704,-16.4555,-12.6953,-8.59609,-4.17124,0.557935,5.5616,10.801,16.2287,21.7889,27.4194,
1.07398e-31,-1.43309,-2.85398,-4.25293,-5.62192,-6.95499,-8.24817,-9.49947,-10.7086,-11.8766,-13.0058,-14.0994,-15.1609,-16.1944,-17.2039,-18.1935,-19.1667,-20.127,-21.0771,-22.0195,-22.9558,-23.8872,-24.814,-25.736,-26.6522,-27.5608,-28.4594,-29.3447,-30.2126,-31.0584,-31.8764,-32.6599,-33.4016,-34.0931,-34.7251,-35.2874,-35.7686,-36.1567,-36.4383,-36.5991,-36.6239,-36.4966,-36.2003,-35.7172,-35.029,-34.117,-32.9625,-31.5471,-29.8527,-27.8629,-25.5625,-22.9392,-19.9837,-16.6909,-13.0607,-9.09892,-4.81849,-0.24,4.60754,9.68634,14.9499,20.3437,25.8065,
3.20361e-32,-1.39442,-2.77678,-4.13747,-5.46861,-6.76433,-8.02076,-9.23596,-10.4096,-11.543,-12.6382,-13.6985,-14.7274,-15.729,-16.7071,-17.6658,-18.6088,-19.5393,-20.4601,-21.3737,-22.2817,-23.1854,-24.085,-24.9805,-25.8709,-26.7548,-27.6296,-28.4924,-29.3392,-30.1656,-30.966,-31.7342,-32.463,-33.1445,-33.7696,-34.3286,-34.8106,-35.2037,-35.4951,-35.6712,-35.717,-35.6169,-35.3546,-34.9126,-34.2733,-33.4184,-32.3296,-30.9888,-29.3784,-27.4821,-25.285,-22.7748,-19.9421,-16.7818,-13.2934,-9.48222,-5.36061,-0.948353,3.7265,8.62723,13.7085,18.9173,24.1936,
9.31077e-33,-1.34982,-2.68776,-4.00436,-5.2919,-6.54463,-7.75879,-8.9325,-10.0655,-11.1591,-12.2154,-13.2375,-14.2291,-15.1939,-16.1361,-17.0595,-17.9676,-18.8637,-19.7508,-20.631,-21.5062,-22.3774,-23.2453,-24.1096,-24.9696,-25.8238,-26.67,-27.5053,-28.3262,-29.1282,-29.9061,-30.654,-31.3652,-32.0318,-32.6455,-33.1967,-33.675,-34.0692,-34.3668,-34.5547,-34.6187,-34.5435,-34.3134,-33.9117,-33.321,-32.5239,-31.5024,-30.2389,-28.7164,-26.9186,-24.8312,-22.4418,-19.7412,-16.724,-13.3894,-9.74227,-5.79424,-1.5642,2.92086,7.62551,12.5059,17.5103,22.5807,
2.63654e-33,-1.29895,-2.58624,-3.8526,-5.0905,-6.29433,-7.46045,-8.58707,-9.67403,-10.7225,-11.7347,-12.7137,-13.663,-14.5865,-15.4881,-16.3714,-17.2402,-18.0975,-18.9462,-19.7885,-20.6262,-21.4605,-22.2918,-23.1203,-23.945,-24.7648,-25.5775,-26.3806,-27.1705,-27.9431,-28.6936,-29.4163,-30.1049,-30.7519,-31.3493,-31.8882,-32.3586,-32.7496,-33.0497,-33.2461,-33.3252,-33.2725,-33.0728,-32.7102,-32.1679,-31.429,-30.4764,-29.2929,-27.8619,-26.1678,-24.1964,-21.9357,-19.3765,-16.5131,-13.3445,-9.87521,-6.11589,-2.0845,2.19319,6.68319,11.3433,16.1236,20.9678,
7.27421e-34,-1.24149,-2.47157,-3.68122,-4.86313,-6.01188,-7.12396,-8.1977,-9.23295,-10.2309,-11.1938,-12.1246,-13.0268,-13.9041,-14.7603,-15.599,-16.4238,-17.2378,-18.0436,-18.8435,-19.6392,-20.4319,-21.2221,-22.01,-22.7948,-23.5753,-24.3497,-25.1155,-25.8695,-26.6078,-27.3259,-28.0185,-28.6795,-29.302,-29.8785,-30.4004,-30.8584,-31.2422,-31.5409,-31.7422,-31.8334,-31.8006,-31.6294,-31.3046,-30.8102,-30.13,-29.2476,-28.1465,-26.8108,-25.2254,-23.3764,-21.2522,-18.8435,-16.1449,-13.1548,-9.87725,-6.3221,-2.5062,1.54603,5.80224,10.222,14.7576,19.3549,
1.95541e-34,-1.17709,-2.34308,-3.48926,-4.60857,-5.69581,-6.74765,-7.7625,-8.7403,-9.68224,-10.5905,-11.468,-12.3181,-13.1443,-13.9505,-14.74,-15.5163,-16.2823,-17.0408,-17.7938,-18.543,-19.2895,-20.0341,-20.7767,-21.5168,-22.2534,-22.9847,-23.7084,-24.4215,-25.1206,-25.8013,-26.4588,-27.0873,-27.6805,-28.2312,-28.7315,-29.1727,-29.5451,-29.8383,-30.041,-30.1411,-30.1256,-29.9808,-29.6924,-29.2453,-28.624,-27.8131,-26.7968,-25.5599,-24.0879,-22.3675,-20.3875,-18.1387,-15.6157,-12.8167,-9.74499,-6.40971,-2.82649,0.981775,4.98453,9.14349,13.4132,17.742,
5.12145e-35,-1.10546,-2.20021,-3.27588,-4.32572,-5.34481,-6.33001,-7.27986,-8.19433,-9.07464,-9.9229,-10.7419,-11.5349,-12.3054,-13.0568,-13.7926,-14.5159,-15.2296,-15.9363,-16.6379,-17.3362,-18.0322,-18.7266,-19.4194,-20.1103,-20.7982,-21.4816,-22.1584,-22.8259,-23.4808,-24.1192,-24.7366,-25.3277,-25.8868,-26.407,-26.8811,-27.3009,-27.6576,-27.9414,-28.1418,-28.2476,-28.2466,-28.1261,-27.8725,-27.4718,-26.9096,-26.1711,-25.2417,-24.1069,-22.753,-21.1673,-19.339,-17.2594,-14.9227,-12.3272,-9.47566,-6.37612,-3.04301,0.502433,4.23166,8.10875,12.0908,16.1291,
1.30692e-35,-1.02636,-2.04246,-3.04036,-4.0137,-4.95786,-5.86991,-6.74854,-7.59379,-8.40683,-9.18974,-9.94518,-10.6762,-11.3862,-12.0783,-12.7558,-13.4218,-14.0789,-14.7295,-15.3755,-16.0185,-16.6597,-17.2995,-17.9381,-18.5752,-19.2099,-19.8408,-20.466,-21.0831,-21.6891,-22.2804,-22.853,-23.4019,-23.922,-24.407,-24.8503,-25.2443,-25.581,-25.8514,-26.0459,-26.154,-26.1646,-26.066,-25.8456,-25.4904,-24.9871,-24.322,-23.4814,-22.4517,-21.2202,-19.7751,-18.1058,-16.2041,-14.0645,-11.685,-9.06761,-6.21968,-3.15419,0.109404,3.54477,7.1186,10.791,14.5162,
3.24944e-36,-0.939604,-1.8695,-2.78225,-3.67193,-4.53429,-5.36665,-6.16785,-6.93798,-7.67822,-8.3905,-9.07736,-9.74167,-10.3865,-11.0149,-11.6299,-12.2343,-12.8306,-13.421,-14.0073,-14.591,-15.1731,-15.7541,-16.3342,-16.9132,-17.4903,-18.0643,-18.6334,-19.1956,-19.748,-20.2876,-20.8106,-21.3128,-21.7892,-22.2344,-22.6423,-23.0063,-23.3188,-23.5718,-23.7566,-23.8638,-23.8832,-23.804,-23.6149,-23.3042,-22.8594,-22.2683,-21.518,-20.5963,-19.4913,-18.192,-16.6888,-14.9737,-13.0415,-10.8899,-8.52067,-5.94001,-3.15954,-0.196772,2.92436,6.17344,9.51378,12.9033,
7.87171e-37,-0.845135,-1.6812,-2.50138,-3.30026,-4.07399,-4.82017,-5.53783,-6.2271,-6.8891,-7.52567,-8.13911,-8.7321,-9.30744,-9.86793,-10.4163,-10.9552,-11.4867,-12.013,-12.5357,-13.0561,-13.5752,-14.0935,-14.6112,-15.128,-15.6433,-16.1561,-16.6649,-17.1677,-17.6623,-18.1457,-18.6147,-19.0656,-19.4939,-19.8949,-20.2632,-20.5927,-20.877,-21.1088,-21.2803,-21.3832,-21.4083,-21.3462,-21.1867,-20.9191,-20.5324,-20.0155,-19.357,-18.5457,-17.5709,-16.4225,-15.0918,-13.5714,-11.8563,-9.94435,-7.83662,-5.53848,-3.06003,-0.416758,2.37002,5.27303,8.25919,11.2904,
1.85794e-37,-0.743021,-1.47774,-2.19803,-2.89909,-3.57752,-4.23126,-4.85948,-5.46237,-6.04098,-6.59698,-7.13247,-7.64983,-8.15157,-8.64021,-9.11817,-9.58772,-10.0509,-10.5095,-10.9649,-11.4185,-11.8709,-12.3228,-12.7743,-13.2251,-13.6749,-14.1226,-14.567,-15.0065,-15.439,-15.8621,-16.273,-16.6683,-17.0444,-17.397,-17.7215,-18.0126,-18.2647,-18.4716,-18.6264,-18.7218,-18.7499,-18.7024,-18.5704,-18.3446,-18.0154,-17.5729,-17.0072,-16.3084,-15.467,-14.4741,-13.3218,-12.0036,-10.5149,-8.85332,-7.01978,-5.01865,-2.85852,-0.552731,1.88019,4.41638,7.02672,9.67748,
4.27265e-38,-0.633513,-1.25962,-1.873,-2.46954,-3.04634,-3.6017,-4.13495,-4.64633,-5.13676,-5.60773,-6.06108,-6.49887,-6.92328,-7.33648,-7.74056,-8.13745,-8.52894,-8.91653,-9.30152,-9.68491,-10.0674,-10.4496,-10.8314,-11.2129,-11.5935,-11.9726,-12.349,-12.7215,-13.0882,-13.4472,-13.7961,-14.1321,-14.452,-14.7525,-15.0294,-15.2784,-15.4948,-15.6732,-15.808,-15.8929,-15.9213,-15.8861,-15.7797,-15.5944,-15.3219,-14.9538,-14.4817,-13.8971,-13.1919,-12.3584,-11.3898,-10.2805,-9.0263,-7.62513,-6.07746,-4.38677,-2.56015,-0.608739,1.45189,3.60154,5.81541,8.06458,
9.57335e-39,-0.517073,-1.02777,-1.52772,-2.01354,-2.48293,-2.93451,-3.36781,-3.78304,-4.18101,-4.56299,-4.93049,-5.28523,-5.62901,-5.96362,-6.29078,-6.61208,-6.92898,-7.24273,-7.55438,-7.86476,-8.17449,-8.48393,-8.79323,-9.1023,-9.41078,-9.71807,-10.0234,-10.3255,-10.6232,-10.9147,-11.1982,-11.4715,-11.7319,-11.9767,-12.2027,-12.4064,-12.5837,-12.7307,-12.8425,-12.9141,-12.9402,-12.9151,-12.8326,-12.6864,-12.4698,-12.1759,-11.7979,-11.3288,-10.7621,-10.0914,-9.31105,-8.4164,-7.40398,-6.27192,-5.02043,-3.65219,-2.17277,-0.591045,1.08047,2.82544,4.62372,6.45168,
2.08994e-39,-0.394404,-0.783634,-1.16436,-1.53405,-1.89096,-2.2341,-2.56313,-2.87827,-3.18016,-3.46977,-3.74829,-4.01706,-4.27744,-4.53083,-4.77852,-5.02178,-5.26167,-5.49918,-5.7351,-5.97009,-6.20461,-6.43894,-6.67321,-6.90734,-7.14108,-7.37398,-7.60542,-7.83457,-8.06041,-8.28169,-8.49697,-8.70459,-8.90263,-9.08895,-9.26112,-9.41653,-9.5522,-9.66492,-9.75119,-9.80723,-9.82896,-9.81199,-9.75176,-9.64336,-9.48179,-9.26183,-8.97822,-8.62572,-8.19922,-7.69393,-7.10552,-6.43032,-5.66564,-4.80998,-3.86339,-2.82777,-1.70725,-0.508422,0.759327,2.08371,3.44951,4.83878,
4.44534e-40,-0.26648,-0.529178,-0.785917,-1.03504,-1.2754,-1.50636,-1.72772,-1.93963,-2.14255,-2.33716,-2.52425,-2.70475,-2.87959,-3.04969,-3.21596,-3.37923,-3.54024,-3.69965,-3.85801,-4.01574,-4.17316,-4.33049,-4.48778,-4.64501,-4.802,-4.95845,-5.11397,-5.26798,-5.41979,-5.5686,-5.71343,-5.85316,-5.98652,-6.11206,-6.22818,-6.3331,-6.42484,-6.50125,-6.55998,-6.59849,-6.61403,-6.60368,-6.56435,-6.49276,-6.38553,-6.23915,-6.05008,-5.81478,-5.5298,-5.1919,-4.79813,-4.346,-3.83365,-3.26003,-2.62512,-1.93013,-1.17776,-0.372377,0.479794,1.37059,2.28992,3.22587,
9.21256e-41,-0.134532,-0.26694,-0.396237,-0.521628,-0.642558,-0.758717,-0.87001,-0.976526,-1.0785,-1.17627,-1.27025,-1.3609,-1.4487,-1.53411,-1.6176,-1.69957,-1.78041,-1.86044,-1.93995,-2.01914,-2.09819,-2.17719,-2.25618,-2.33514,-2.41399,-2.49259,-2.57072,-2.64811,-2.72441,-2.79921,-2.87203,-2.94231,-3.0094,-3.07258,-3.13106,-3.18393,-3.2302,-3.2688,-3.29855,-3.31816,-3.32627,-3.3214,-3.30201,-3.26643,-3.21298,-3.13989,-3.04537,-2.92765,-2.78499,-2.61575,-2.41843,-2.19178,-1.93485,-1.64709,-1.32848,-0.979606,-0.6018,-0.197231,0.231012,0.678882,1.14142,1.61297,
1.86022e-41,9.21186e-41,4.44503e-40,2.08981e-39,9.57277e-39,4.2724e-38,1.85784e-37,7.87129e-37,3.24927e-36,1.30686e-35,5.1212e-35,1.95532e-34,7.27389e-34,2.63643e-33,9.31042e-33,3.20349e-32,1.07394e-31,3.50782e-31,1.11634e-30,3.46145e-30,1.04574e-29,3.07814e-29,8.82788e-29,2.46676e-28,6.71581e-28,1.78145e-27,4.60414e-27,1.15938e-26,2.84451e-26,6.79969e-26,1.5837e-25,3.59385e-25,7.94599e-25,1.71174e-24,3.59278e-24,7.34726e-24,1.46393e-23,2.84198e-23,5.37552e-23,9.90657e-23,1.7788e-22,3.11197e-22,5.30449e-22,8.80956e-22,1.4255e-21,2.24741e-21,3.45222e-21,5.16675e-21,7.53423e-21,1.07044e-20,1.48179e-20,1.99854e-20,2.62629e-20,3.36259e-20,4.19476e-20,5.0985e-20,6.03781e-20,6.96657e-20,7.83178e-20,8.57835e-20,9.1548e-20,9.51911e-20,7.15256e-05,
